Earthquake data
 1.749316E-02 
 1.139078E-02 
 1.512399E-02 
 1.476502E-02 
 6.508857E-03 
-2.321631E-03 
-1.309052E-02 
-1.775706E-02 
-2.558246E-02 
-4.029995E-02 
-5.121243E-02 
-5.523282E-02 
-5.616614E-02 
-5.236113E-02 
-4.661772E-02 
-.041664 
-3.218737E-02 
-1.804423E-02 
-4.18824E-03 
-9.605289E-05 
-6.916374E-03 
-1.043421E-02 
-6.704032E-04 
 8.662641E-03 
 5.360186E-03 
-5.049765E-03 
-.0113675 
-8.711189E-03 
-4.116446E-03 
-3.111362E-03 
-9.605289E-05 
 7.944733E-03 
 1.332918E-02 
 1.641628E-02 
 1.986232E-02 
 .0209392 
 2.022126E-02 
 1.677522E-02 
 1.447785E-02 
 1.131898E-02 
 2.201319E-03 
-4.619002E-03 
-9.85986E-03 
-1.639301E-02 
-1.689553E-02 
-1.316231E-02 
-1.093674E-02 
-.0133059 
-1.596224E-02 
-1.940829E-02 
-1.775706E-02 
-1.273158E-02 
-7.77787E-03 
-3.039569E-03 
 3.637165E-03 
 1.160616E-02 
 .0178521 
 2.416983E-02 
 2.524677E-02 
 2.790305E-02 
 3.170809E-02 
 3.063121E-02 
 2.646723E-02 
 .0225186 
 2.072379E-02 
 1.612911E-02 
 8.878022E-03 
 2.847433E-03 
-5.480498E-03 
-.0144546 
-1.969546E-02 
-2.156207E-02 
-2.529529E-02 
-2.924389E-02 
-2.744907E-02 
-.0270901 
-3.283352E-02 
-3.864872E-02 
-4.525363E-02 
-.0535816 
-5.674046E-02 
-5.501744E-02 
-5.200216E-02 
-4.690486E-02 
-4.037175E-02 
-3.793079E-02 
-3.606418E-02 
-3.505909E-02 
-3.814617E-02 
-3.943843E-02 
-2.220821E-02 
 7.657558E-03 
 3.242603E-02 
 4.944089E-02 
 5.425099E-02 
 4.872295E-02 
 3.730795E-02 
 1.569834E-02 
-1.244441E-02 
-4.633054E-02 
-.0720323 
-7.002211E-02 
-3.929484E-02 
 3.996134E-03 
 3.687719E-02 
 4.585126E-02 
 3.730795E-02 
 3.012863E-02 
 2.955434E-02 
 3.335932E-02 
 4.161546E-02 
 5.669191E-02 
 6.580958E-02 
 5.697909E-02 
 .0406104 
 3.824124E-02 
 5.468175E-02 
 .0670301 
 6.071231E-02 
 4.297957E-02 
 2.294937E-02 
 1.433426E-02 
 3.091839E-02 
 6.882492E-02 
 .1087416 
 .1309256 
 .1354485 
 .1330076 
 .120372 
 .1039315 
 9.287545E-02 
 8.239374E-02 
 6.595317E-02 
 3.127733E-02 
-1.940829E-02 
-7.267845E-02 
-.1059184 
-.1027596 
-8.172432E-02 
-5.121243E-02 
-1.222903E-02 
 1.088822E-02 
 6.221682E-03 
-1.589045E-02 
-4.245374E-02 
-6.442228E-02 
-7.504761E-02 
-.0700939 
-5.738661E-02 
-4.812536E-02 
-5.408415E-02 
-7.217589E-02 
-8.674979E-02 
-8.244225E-02 
-5.896604E-02 
-4.073071E-02 
-3.900769E-02 
-3.685391E-02 
-1.617762E-02 
 1.368815E-02 
 1.088822E-02 
-1.718271E-02 
-3.951022E-02 
-4.511005E-02 
-3.635135E-02 
-3.290531E-02 
-3.197199E-02 
-8.208632E-03 
 3.127733E-02 
 4.384103E-02 
 7.654428E-04 
-5.329442E-02 
-5.781737E-02 
-5.480498E-03 
 7.327601E-02 
 .1236745 
 .1139107 
 5.073312E-02 
-2.170566E-02 
-.0692324 
-8.251405E-02 
-.0721041 
-4.891506E-02 
-1.883394E-02 
 2.754411E-02 
 5.669191E-02 
 3.651819E-02 
-2.242357E-02 
-9.794945E-02 
-.1025442 
-4.245374E-02 
 4.642248E-03 
 1.677522E-02 
 1.921615E-02 
 2.517495E-02 
 3.903094E-02 
 5.360487E-02 
 5.590221E-02 
 .0246006 
-4.029995E-02 
-.0945034 
-.1062056 
-6.406331E-02 
 7.370383E-03 
 6.889668E-02 
 8.045533E-02 
 2.948251E-02 
-3.362322E-02 
-.0621967 
-5.264828E-02 
-5.695879E-03 
 6.480452E-02 
 .1129056 
 .1101057 
 7.528624E-02 
 6.257895E-02 
 6.265071E-02 
 3.781047E-02 
-6.916374E-03 
-6.499663E-02 
-.106421 
-.125805 
-.1151079 
-5.932501E-02 
 1.84235E-03 
 4.908189E-02 
 6.789157E-02 
 5.776885E-02 
 4.003605E-02 
 2.000591E-02 
-2.106249E-03 
-3.146946E-02 
-2.816698E-02 
 3.350291E-02 
 8.749101E-02 
 6.817874E-02 
 4.355073E-03 
-.0349873 
-4.116145E-02 
-2.113131E-02 
 3.099015E-02 
 6.803516E-02 
 .0469999 
-1.804423E-02 
-7.145795E-02 
-6.829908E-02 
-1.682374E-02 
 3.400543E-02 
 2.969792E-02 
-2.184924E-02 
-7.813469E-02 
-.1153951 
-.1020416 
-.0621967 
-3.793079E-02 
-1.976725E-02 
 4.782677E-04 
 2.280578E-02 
 .0186418 
-1.969546E-02 
-4.934582E-02 
-2.012622E-02 
 .026539 
 3.149274E-02 
 1.282662E-02 
-1.043421E-02 
 1.985937E-03 
 5.382022E-02 
 .1033572 
 9.079346E-02 
 3.759506E-02 
 1.634446E-02 
 3.888735E-02 
 .0765067 
 9.653684E-02 
 9.222928E-02 
 .0745683 
 8.059892E-02 
 .1009162 
 9.136781E-02 
 4.793325E-02 
-1.17296E-03 
-4.798177E-02 
-8.545753E-02 
-8.143714E-02 
-2.816698E-02 
 3.436443E-02 
 6.631216E-02 
 6.537887E-02 
 4.628202E-02 
 .0228776 
 1.986232E-02 
 4.714349E-02 
 5.726627E-02 
 2.165714E-02 
-4.044354E-02 
-9.077018E-02 
-.0673658 
 1.555175E-03 
 .1017059 
 .1873546 
 .1900109 
 .1024956 
-1.675487E-03 
-5.602255E-02 
-4.582798E-02 
 1.957515E-02 
 8.914223E-02 
 .1218797 
 8.296803E-02 
 4.283279E-03 
-3.268993E-02 
-8.136839E-03 
 2.840564E-02 
 1.957515E-02 
-2.888492E-02 
-9.507775E-02 
-.1558143 
-.1595476 
-.0956521 
-1.294693E-02 
 5.539969E-02 
 6.695828E-02 
 6.149888E-03 
-8.832926E-02 
-.133415 
-.1233641 
-.1097234 
-.1148925 
-.1227179 
-.1001032 
-7.483223E-02 
-4.575619E-02 
-.0358488 
-.05552 
-6.858626E-02 
-7.468864E-02 
-7.160154E-02 
-9.364191E-02 
-.1132413 
-7.957053E-02 
-3.477192E-02 
 2.072379E-02 
 5.920467E-02 
 4.822043E-02 
 2.366731E-02 
-1.043421E-02 
-.0448229 
-6.061727E-02 
-7.461685E-02 
-6.068906E-02 
-1.718271E-02 
 1.332918E-02 
 2.589288E-02 
 3.824124E-02 
 6.265071E-02 
 8.727559E-02 
 8.232191E-02 
 3.982064E-02 
-7.921457E-03 
-2.831057E-02 
 5.001217E-03 
 .0465692 
 .0620046 
 4.721531E-02 
-7.42197E-04 
-2.630037E-02 
-1.388341E-03 
 3.206703E-02 
 3.838482E-02 
 3.472337E-02 
 .0608559 
 7.945022E-02 
 2.531853E-02 
-6.262746E-02 
-.1048416 
-6.097624E-02 
 3.256962E-02 
 .1086698 
 .1213771 
 6.645575E-02 
-9.575784E-04 
-2.651575E-02 
 3.565371E-03 
 4.398462E-02 
 5.568686E-02 
 2.036485E-02 
-3.340787E-02 
-5.760199E-02 
-5.580717E-02 
-4.216656E-02 
-5.552292E-03 
 3.515413E-02 
 1.986232E-02 
-5.616614E-02 
-.1222154 
-.1049134 
-2.665934E-02 
 3.874376E-02 
 .0529587 
 4.297957E-02 
 1.742133E-02 
-3.312069E-02 
-8.064744E-02 
-.1012519 
-7.913977E-02 
-1.366487E-02 
 6.071231E-02 
 8.591154E-02 
 3.608742E-02 
-4.101789E-02 
-7.878083E-02 
-5.724302E-02 
-.0270901 
-6.700993E-03 
 2.790305E-02 
 6.774798E-02 
 .1164235 
 .1322178 
 9.122422E-02 
 4.549226E-02 
 2.230325E-02 
 5.999443E-02 
 .1382484 
 .1798163 
 .1513146 
 7.270172E-02 
 1.340097E-02 
-1.811603E-02 
-2.127489E-02 
-5.839467E-03 
 8.806229E-03 
 6.149888E-03 
 3.134608E-03 
 .0170624 
 3.048763E-02 
 5.102029E-02 
 7.672212E-02 
 8.418855E-02 
 3.235421E-02 
-3.685391E-02 
-6.370437E-02 
-1.043421E-02 
 .0884243 
 .1443508 
 .1259001 
 6.114307E-02 
 9.883136E-03 
 1.483381E-03 
 2.344906E-03 
-4.977971E-03 
-1.955187E-02 
-4.999197E-02 
-6.212491E-02 
-5.788916E-02 
-3.548983E-02 
-7.059962E-03 
 .0111036 
 3.436443E-02 
 4.728708E-02 
 8.44726E-03 
-5.659688E-02 
-.0996725 
-.1112311 
-.1258768 
-.1281742 
-.1128823 
-9.665719E-02 
-4.654592E-02 
-1.481354E-02 
-1.819074E-03 
 1.691881E-02 
 1.325738E-02 
-1.237261E-02 
-.0495612 
-6.485304E-02 
-5.587897E-02 
-5.085346E-02 
-4.690486E-02 
-.0231415 
 6.365269E-03 
 1.361635E-02 
 1.663163E-02 
 2.000591E-02 
 2.629161E-04 
-3.125408E-02 
-5.487385E-02 
-4.223835E-02 
-.0153161 
 7.155001E-03 
 4.951265E-02 
 6.186101E-02 
 3.702077E-02 
 5.719155E-03 
-9.85986E-03 
-1.086497E-02 
-2.393124E-02 
-2.443376E-02 
-8.782983E-03 
 .0138317 
 3.465161E-02 
 3.235421E-02 
 3.92434E-03 
-4.633054E-02 
-7.109901E-02 
-3.082332E-02 
 .0315645 
 5.073312E-02 
 .0131138 
-2.701831E-02 
-3.728467E-02 
-1.610583E-02 
-1.143929E-02 
-4.252553E-02 
-5.882245E-02 
-5.609435E-02 
-4.834074E-02 
-4.252553E-02 
-4.467931E-02 
-3.620777E-02 
-4.906178E-03 
 .038672 
 6.760439E-02 
 5.245617E-02 
 1.117539E-02 
-3.714108E-02 
-5.702764E-02 
-3.556162E-02 
 2.632052E-03 
 1.404709E-02 
 2.129814E-02 
 6.494811E-02 
 .1243924 
 .1465764 
 .0678198 
-5.731481E-02 
-.1465531 
-.1325535 
-4.446393E-02 
 2.136996E-02 
 6.437376E-02 
 .0884243 
 .1046495 
 .1111108 
 7.916304E-02 
 1.770556E-03 
-6.442228E-02 
-7.540655E-02 
-3.627956E-02 
-2.465218E-03 
 1.907256E-02 
 4.448721E-02 
 .0454205 
-2.465218E-03 
-6.234029E-02 
-9.637001E-02 
-.1209231 
-.1210667 
-6.040189E-02 
 2.603647E-02 
 8.031175E-02 
 7.880411E-02 
 5.267152E-02 
 2.761593E-02 
-3.111362E-03 
-2.680293E-02 
-.0270901 
-2.357227E-02 
-1.632121E-02 
 2.122638E-02 
 7.198378E-02 
 .10307 
 8.928582E-02 
 4.958448E-02 
 3.630283E-02 
 .0658814 
 .1194387 
 .1528941 
 .1403304 
 7.815793E-02 
-4.550219E-04 
-4.855612E-02 
-3.491551E-02 
 7.872939E-03 
 3.256962E-02 
 2.201608E-02 
-1.502892E-02 
-1.108032E-02 
 4.764608E-02 
 .1071622 
 .1169977 
 5.712268E-02 
-3.405398E-02 
-.1260922 
-.1349227 
-3.527448E-02 
 6.982997E-02 
 .0994086 
-6.916374E-03 
-.1776393 
-.2547446 
-.1896287 
-4.022816E-02 
 8.526543E-02 
 9.222928E-02 
 6.437063E-03 
-6.284285E-02 
-4.396138E-02 
 3.773865E-02 
 .1008444 
 .1159209 
 .0793784 
 1.088822E-02 
-5.997115E-02 
-9.392908E-02 
-.073181 
-2.831057E-02 
 9.02161E-03 
 2.108279E-02 
 1.770556E-03 
-.0543713 
-9.543672E-02 
-7.267845E-02 
-4.080251E-02 
-2.328509E-02 
-7.42197E-04 
 1.361635E-02 
 3.149274E-02 
 .0344362 
 .0118933 
-5.983055E-03 
-.0318284 
-7.095543E-02 
-8.394989E-02 
-7.504761E-02 
-6.700683E-02 
-4.065892E-02 
 1.131898E-02 
 .0718402 
 8.382955E-02 
 4.786143E-02 
-4.690796E-03 
-5.896604E-02 
-7.447326E-02 
-3.907949E-02 
-1.029372E-03 
 1.483682E-02 
 .0355849 
 6.674293E-02 
 7.586059E-02 
 7.729641E-02 
 .1029982 
 .1272641 
 .1028546 
 4.175904E-02 
-5.265117E-03 
-.0456844 
-4.654592E-02 
-1.596224E-02 
 1.964691E-02 
 5.087671E-02 
 2.165714E-02 
-3.671032E-02 
-.1034057 
-.1160412 
-5.997115E-02 
-6.704032E-04 
 3.580025E-02 
 2.646723E-02 
 3.134608E-03 
-1.201364E-02 
-4.044354E-02 
-4.475111E-02 
 1.914144E-03 
 .0560458 
 9.179857E-02 
 9.287545E-02 
 4.872295E-02 
-1.187006E-02 
-6.241208E-02 
-8.251405E-02 
-.0543713 
-1.029372E-03 
 4.032323E-02 
 4.829219E-02 
 2.632365E-02 
 3.386185E-02 
 5.740985E-02 
 5.094853E-02 
-4.834384E-03 
-8.050385E-02 
-9.881097E-02 
-5.365339E-02 
-1.545969E-02 
-.0125162 
-2.924389E-02 
-4.317164E-02 
-.049633 
-4.180759E-02 
-2.106249E-03 
 4.807684E-02 
 4.908189E-02 
-2.134669E-02 
-7.074004E-02 
-3.168482E-02 
 4.111293E-02 
 9.467027E-02 
 9.811631E-02 
 4.872295E-02 
 1.124719E-02 
 1.626968E-03 
 2.452883E-02 
 .0620046 
 9.287545E-02 
 9.352157E-02 
 6.265071E-02 
 2.560258E-03 
-6.679145E-02 
-.1025442 
-.1052005 
-9.278038E-02 
-5.508924E-02 
-5.121559E-03 
 2.618006E-02 
 .0138317 
-3.513089E-02 
-6.190956E-02 
-3.326428E-02 
-8.857846E-04 
 .0139035 
 3.565371E-03 
-1.395205E-02 
 9.883136E-03 
-.0125162 
-4.697666E-02 
-.0389359 
-3.470302E-03 
 5.662015E-02 
 9.280363E-02 
 .1011316 
 6.401476E-02 
-1.502892E-02 
-5.616614E-02 
-4.130504E-02 
 1.024207E-02 
 4.987165E-02 
 .0367336 
 1.088822E-02 
-3.542095E-03 
 2.022126E-02 
 6.566605E-02 
 8.081427E-02 
 3.723612E-02 
-.035777 
-7.777572E-02 
-5.343801E-02 
-6.772786E-03 
 1.347277E-02 
 1.124412E-03 
-.0144546 
 3.134608E-03 
 2.783129E-02 
 3.816941E-02 
 5.942008E-02 
 7.586059E-02 
 4.628202E-02 
-1.553148E-02 
-5.315083E-02 
-5.336621E-02 
-1.861855E-02 
 2.531853E-02 
 5.568686E-02 
 6.423017E-02 
 2.294937E-02 
-7.77787E-03 
 2.129525E-03 
 6.218553E-04 
-1.869035E-02 
-4.388958E-02 
-5.027914E-02 
-2.665934E-02 
 2.754411E-02 
 5.432281E-02 
 4.233339E-02 
-1.819074E-03 
-5.250469E-02 
-6.693503E-02 
-4.733562E-02 
-2.278253E-02 
-1.366487E-02 
-2.220821E-02 
-3.391039E-02 
-5.322263E-02 
-8.481139E-02 
-.1170463 
-.1479172 
-.1286767 
-5.264828E-02 
 .0118933 
 4.606661E-02 
 4.886654E-02 
 4.714042E-03 
-5.408415E-02 
-9.349832E-02 
-9.213427E-02 
-3.843334E-02 
 1.727775E-02 
 4.857937E-02 
 4.750249E-02 
 6.365269E-03 
-1.696733E-02 
 5.001217E-03 
 4.412821E-02 
 5.173823E-02 
 2.495959E-02 
-1.962662E-03 
-4.547209E-03 
 1.196206E-03 
-4.065892E-02 
-9.579569E-02 
-9.708795E-02 
-.0436742 
 5.066136E-02 
 .1169977 
 9.739837E-02 
 3.709254E-02 
-2.062875E-02 
-6.097624E-02 
-6.456587E-02 
-4.231015E-02 
-5.33691E-03 
 4.168728E-02 
 8.540902E-02 
 .1219515 
 .13631 
 .1098903 
 7.959381E-02 
 5.891749E-02 
 4.233339E-02 
 3.580025E-02 
 3.974888E-02 
 4.965624E-02 
 .0765067 
 .1399714 
 .2006362 
 .1980517 
 .1554786 
 8.548078E-02 
 2.517495E-02 
-2.321631E-03 
-.0133059 
-9.500891E-03 
 9.59596E-03 
 2.754411E-02 
 .0315645 
 1.813927E-02 
-5.695879E-03 
-.0271619 
-2.572605E-02 
-3.132588E-02 
-7.038108E-02 
-.1260204 
-.1460505 
-7.160154E-02 
 6.494811E-02 
 .1357357 
 8.332703E-02 
-4.152042E-02 
-.1321945 
-.1507171 
-.1428917 
-.1093645 
-7.160154E-02 
-7.562193E-02 
-.1207077 
-.1405225 
-6.887344E-02 
 4.534867E-02 
 .1164952 
 .1101057 
 4.987165E-02 
-.0153161 
-8.509856E-02 
-.1397328 
-.1664397 
-.149353 
-7.526296E-02 
-1.560327E-02 
-1.689553E-02 
-2.809519E-02 
-2.335688E-02 
-2.522349E-02 
-.0172545 
 1.096001E-02 
 6.193277E-02 
 .0884243 
 4.836401E-02 
-2.263895E-02 
-.0602583 
-4.302806E-02 
 1.770556E-03 
 3.781047E-02 
 4.384103E-02 
 1.483682E-02 
-5.265117E-03 
 1.626968E-03 
-7.849663E-03 
-4.302806E-02 
-8.359092E-02 
-.0759809 
-1.603693E-03 
 5.662015E-02 
 7.306066E-02 
 6.516346E-02 
 1.835468E-02 
-2.084413E-02 
-1.079318E-02 
 2.854922E-02 
 4.958448E-02 
 5.231258E-02 
 6.746086E-02 
 4.262057E-02 
-1.545969E-02 
-5.128422E-02 
-2.874133E-02 
 2.897999E-02 
 4.692814E-02 
 2.840564E-02 
 .0288364 
 6.351224E-02 
 9.718302E-02 
 8.619872E-02 
 2.596471E-02 
-2.615678E-02 
-4.159221E-02 
-5.494565E-02 
-6.722221E-02 
-6.248388E-02 
-3.333607E-02 
 2.201608E-02 
 6.616858E-02 
 7.076332E-02 
 4.412821E-02 
 2.302119E-02 
 .0442718 
 8.849606E-02 
 8.627054E-02 
 2.826205E-02 
-2.450556E-02 
-3.010538E-02 
 1.024207E-02 
 2.790305E-02 
-2.178043E-03 
-3.434116E-02 
-3.793079E-02 
-1.158288E-02 
 3.594384E-02 
 8.548078E-02 
 .1060853 
 9.108064E-02 
 6.846592E-02 
 4.635379E-02 
 2.517495E-02 
-.0144546 
-.0594686 
-.0692324 
-3.642315E-02 
 3.070298E-02 
 8.174756E-02 
 9.086522E-02 
 5.992261E-02 
-8.854777E-03 
-4.984838E-02 
-5.803275E-02 
-4.848433E-02 
-2.177745E-02 
-3.247455E-02 
-6.384793E-02 
-8.940613E-02 
-9.148812E-02 
-.041664 
-3.832281E-04 
 1.411587E-03 
-2.586964E-02 
-8.545753E-02 
-.1166156 
-6.779653E-02 
 1.289842E-02 
 4.843578E-02 
 4.125652E-02 
 2.000591E-02 
 2.560571E-02 
 .0533177 
 6.358406E-02 
 .0768657 
 7.607594E-02 
 5.252793E-02 
-9.85986E-03 
-5.961218E-02 
-7.619628E-02 
-5.135602E-02 
 1.971874E-02 
 5.827138E-02 
 .0454205 
 6.93962E-03 
-2.256715E-02 
-1.043421E-02 
-3.901064E-03 
-2.881312E-02 
-4.518184E-02 
-4.611516E-02 
-.0173263 
 3.142092E-02 
 5.288693E-02 
 2.869281E-02 
 2.560258E-03 
 6.149888E-03 
 1.325738E-02 
 9.811342E-03 
 1.354456E-02 
 2.388272E-02 
 3.113374E-02 
 2.826205E-02 
 9.165198E-03 
-.1352099 
-9.723154E-02 
-8.036026E-02 
-.086678 
-9.213427E-02 
-7.397071E-02 
-9.931654E-03 
 4.585126E-02 
 6.480452E-02 
 8.196297E-02 
 9.833166E-02 
 9.258828E-02 
 5.367664E-02 
 9.093404E-03 
-1.912111E-02 
-2.364406E-02 
-1.466995E-02 
-1.151109E-02 
-7.418901E-03 
 2.488777E-02 
 8.088604E-02 
 .1214489 
 .1071622 
 5.274335E-02 
-2.551067E-02 
-.1158976 
-.1921414 
-.2017617 
-.1467685 
-8.875999E-02 
-6.370437E-02 
-.0408743 
 2.165714E-02 
 .1164235 
 .1790985 
 .173714 
 .1419816 
 .1082391 
 7.499906E-02 
 5.618939E-02 
 5.898932E-02 
 6.466094E-02 
 7.657853E-02 
 8.469108E-02 
 8.203474E-02 
 .0560458 
 7.011414E-03 
-3.836155E-02 
-5.415595E-02 
-3.986919E-02 
-3.477192E-02 
-6.851447E-02 
-.1218564 
-.1625628 
-.19609 
-.2229405 
-.2368683 
-.2134638 
-.1538759 
-8.653441E-02 
-2.730548E-02 
-5.480498E-03 
 2.41667E-03 
 1.734957E-02 
 4.290774E-02 
 7.787076E-02 
 .1132645 
 .1287 
 .1298487 
 .1193669 
 8.892682E-02 
 5.819955E-02 
 4.211804E-02 
 3.400543E-02 
 1.921615E-02 
 1.267999E-03 
 8.303672E-03 
 3.486696E-02 
 6.430194E-02 
 8.059892E-02 
 6.882492E-02 
 4.290774E-02 
 .0217289 
 4.089758E-02 
 8.591154E-02 
 .1163516 
 .1197259 
 9.237286E-02 
 5.360487E-02 
 2.036485E-02 
-1.244754E-03 
-2.866954E-02 
-6.837088E-02 
-.1041954 
-.1228615 
-.1232205 
-.1032621 
-7.016569E-02 
-4.403317E-02 
-2.149028E-02 
-2.106249E-03 
 1.088822E-02 
 3.450802E-02 
 7.219914E-02 
 9.301904E-02 
 7.169661E-02 
 3.845659E-02 
 2.553394E-02 
 2.151355E-02 
 2.273402E-02 
 3.895918E-02 
 6.480452E-02 
 .1025675 
 .1185054 
 9.869066E-02 
 7.815793E-02 
 9.179857E-02 
 .1213771 
 .1313563 
 .1269052 
 .1201567 
 9.280363E-02 
 4.326668E-02 
-1.079318E-02 
-7.511941E-02 
-.1319074 
-.1491376 
-.1372918 
-.1160412 
-9.313935E-02 
-8.725235E-02 
-.1100824 
-.1425327 
-.1597629 
-.1348509 
-7.885262E-02 
-1.466995E-02 
 3.623101E-02 
 5.547145E-02 
 4.369745E-02 
 3.113374E-02 
 3.781047E-02 
 5.640474E-02 
 6.645575E-02 
 5.618939E-02 
 3.249779E-02 
 8.372366E-04 
-4.805356E-02 
-.0858165 
-9.148812E-02 
-.1001032 
-.1158976 
-.1230051 
-.1108004 
-8.165252E-02 
-3.750002E-02 
 1.088822E-02 
 6.358406E-02 
 .11068 
 .1355203 
 .1643809 
 .206236 
 .2669009 
 .3282118 
 .3406319 
 .3013614 
 .2009234 
 4.441538E-02 
-.1111593 
-.2326325 
-.3258912 
-.3850483 
-.3934481 
-.3610696 
-.3005484 
-.255319 
-.2508678 
-.2713287 
-.2979638 
-.301697 
-.2924358 
-.2945178 
-.2744158 
-.2174842 
-.118554 
-2.414659E-02 
 .0469999 
 .1122595 
 .1750781 
 .2442144 
 .3053099 
 .3472368 
 .3544879 
 .3175865 
 .26166 
 .2101847 
 .1734986 
 .1470789 
 .1317153 
 .1237463 
 .1057981 
 9.294721E-02 
 8.260909E-02 
 7.758358E-02 
 6.774798E-02 
 3.436443E-02 
-.0026806 
-1.883394E-02 
-3.060794E-02 
-5.674046E-02 
-8.301657E-02 
-.1070671 
-.1362149 
-.1461223 
-.1116619 
-4.245374E-02 
 2.388272E-02 
 6.975821E-02 
 .0915114 
 .1021367 
 .1153465 
 .130782 
 .1363818 
 .1383202 
 .141838 
 .1499506 
 .1341562 
 .1081673 
 9.438309E-02 
 8.548078E-02 
 6.939927E-02 
 4.534867E-02 
 1.332918E-02 
-1.790065E-02 
-.0125162 
 2.366731E-02 
 4.283598E-02 
 2.754411E-02 
-1.158288E-02 
-4.719204E-02 
-5.293545E-02 
-4.123324E-02 
-5.429953E-02 
-.1166156 
-.1807982 
-.2316274 
-.2556061 
-.2327043 
-.1749112 
-9.206247E-02 
-.0144546 
 4.017964E-02 
 6.789157E-02 
 7.636312E-02 
 .0793784 
 8.347061E-02 
 8.397314E-02 
 .0776554 
 7.909122E-02 
 6.480452E-02 
 3.228244E-02 
 .0139035 
 2.122638E-02 
 2.775952E-02 
 6.796032E-03 
-1.574686E-02 
-3.900769E-02 
-7.382712E-02 
-.112667 
-.1482043 
-.1792905 
-.2092281 
-.2382323 
-.2671648 
-.2742722 
-.2487858 
-.2160484 
-.1850339 
-.16565 
-.1428199 
-.0906266 
-.0270901 
 .0304158 
 7.011715E-02 
 .1011316 
 .1296333 
 .1544736 
 .1834778 
 .2118359 
 .2256201 
 .2171485 
 .1971184 
 .1883597 
 .2087488 
 .2553422 
 .2999973 
 .3151455 
 .303874 
 .2399786 
 .1247514 
 4.139721E-03 
-9.550852E-02 
-.1859673 
-.272262 
-.3183529 
-.3324961 
-.3263219 
-.3167017 
-.3144761 
-.2790824 
-.1906338 
-.0732528 
 3.005686E-02 
 .1082391 
 .163663 
 .1836214 
 .179601 
 .15433 
 .1101057 
 6.982997E-02 
 5.460992E-02 
 6.580958E-02 
 9.064987E-02 
 .1209464 
 .1607195 
 .2068104 
 .2446451 
 .2293533 
 .1709141 
 .1297769 
 .1092441 
 8.382955E-02 
 3.414902E-02 
-1.847497E-02 
-3.039256E-02 
-1.495713E-02 
-9.28551E-03 
-3.800258E-02 
-7.698601E-02 
-.101898 
-.1242974 
-.1688806 
-.2227251 
-.2818823 
-.3257476 
-.3064353 
-.245268 
-.1636398 
-6.765294E-02 
 1.246765E-02 
 6.659934E-02 
 .1163516 
 .1744319 
 .2175075 
 .2061643 
 .1701243 
 .1386074 
 .1124031 
 8.540902E-02 
 4.549226E-02 
 2.629161E-04 
-6.348899E-02 
-.126164 
-.1752702 
-.2185611 
-.258765 
-.2656571 
-.2318428 
-.1927876 
-.1689524 
-.1627064 
-.1622757 
-.1485633 
-.1197026 
-8.624727E-02 
-6.693503E-02 
-.0641351 
-5.236113E-02 
-1.115212E-02 
 4.269239E-02 
 .1083108 
 .1974774 
 .2747262 
 .3119148 
 .3287143 
 .3297195 
 .3003562 
 .2432093 
 .1687603 
 .1022803 
 5.970725E-02 
 6.006619E-02 
 9.567538E-02 
 .1431303 
 .1784523 
 .2065232 
 .2146358 
 .181324 
 .1230284 
 6.408659E-02 
-1.237261E-02 
-.1200616 
-.2416784 
-.3520955 
-.4365236 
-.4798864 
-.4844094 
-.4612203 
-.4050785 
-.3342909 
-.2734825 
-.2138228 
-.1265947 
-8.639395E-03 
 .1437764 
 .2969102 
 .4127835 
 .4895299 
 .5155907 
 .5015193 
 .4748124 
 .4443005 
 .3867228 
 .3137815 
 .253332 
 .2029336 
 .1431303 
 .0548971 
-.0311105 
-.1052723 
-.1801521 
-.2340683 
-.2501499 
-.2492166 
-.2448372 
-.2655853 
-.2915025 
-.2830309 
-.230048 
-.149712 
-6.657606E-02 
 1.950333E-02 
 8.986017E-02 
 .1616528 
 .2272713 
 .2552705 
 .2282764 
 .1393971 
 3.307214E-02 
-3.821796E-02 
-7.296562E-02 
-9.155992E-02 
-.1232923 
-.1499991 
-.1541631 
-.1347791 
-.1105132 
-9.421623E-02 
-8.071923E-02 
-.0692324 
-5.903783E-02 
-2.500811E-02 
 1.332918E-02 
 4.240522E-02 
 7.054791E-02 
 7.442471E-02 
 3.587207E-02 
-6.629199E-03 
-5.099705E-02 
-9.242141E-02 
-.1301126 
-.1474864 
-.1276716 
-.1007494 
-7.547835E-02 
-5.788916E-02 
-5.487385E-02 
-4.554081E-02 
-2.220821E-02 
 7.51397E-03 
 4.319492E-02 
 7.600418E-02 
 .1103928 
 .1268333 
 .112762 
 .1024956 
 .1078801 
 .1189362 
 .1144132 
 9.502921E-02 
 7.033256E-02 
 6.020978E-02 
 5.532786E-02 
 4.355386E-02 
 2.244684E-02 
-2.967775E-03 
-4.906178E-03 
 1.634446E-02 
 5.353305E-02 
 7.162479E-02 
 6.645575E-02 
 3.960529E-02 
-1.380846E-02 
-6.514022E-02 
-8.617547E-02 
-.0740425 
-5.451488E-02 
-6.262746E-02 
-.1001032 
-.1368611 
-.1642859 
-.1818033 
-.1986028 
-.2179868 
-.2395964 
-.2491448 
-.2350017 
-.209587 
-.149712 
-5.300725E-02 
 4.613844E-02 
 .1270488 
 .1819701 
 .2231073 
 .25405 
 .2753724 
 .2795363 
 .2537628 
 .1885033 
 9.883425E-02 
 3.206703E-02 
 1.813927E-02 
 4.376927E-02 
 7.349142E-02 
 8.662948E-02 
 8.533719E-02 
 .1015624 
 .1350895 
 .1644527 
 .1781651 
 .1691193 
 .1302794 
 5.697909E-02 
-2.393124E-02 
-7.303742E-02 
-8.409348E-02 
-9.012407E-02 
-.1158258 
-.1698857 
-.2337812 
-.2810208 
-.321799 
-.3374498 
-.3258194 
-.305861 
-.2818105 
-.2621393 
-.2173406 
-.1260922 
-.0173263 
 9.301904E-02 
 .185847 
 .277239 
 .3636056 
 .4241268 
 .4493978 
 .4578693 
 .4399212 
 .3857895 
 .3178736 
 .2625933 
 .222892 
 .1844111 
 .1429149 
 8.404496E-02 
 1.462144E-02 
-4.640234E-02 
-7.885262E-02 
-9.048301E-02 
-.1033339 
-.1187693 
-.1517222 
-.1873313 
-.2009001 
-.1999668 
-.2187765 
-.2719749 
-.3075122 
-.3025585 
-.2527344 
-.1647166 
-7.662705E-02 
-1.502892E-02 
 .0197905 
 4.132828E-02 
 3.960529E-02 
 2.330837E-02 
 1.096001E-02 
-8.136839E-03 
-.0554482 
-.1333432 
-.2122434 
-.2401707 
-.1902748 
-8.631906E-02 
 3.615925E-02 
 .1565555 
 .2588601 
 .3285708 
 .3643953 
 .3648261 
 .3529085 
 .3384781 
 .2987768 
 .2118359 
 9.811631E-02 
-9.716272E-03 
-.0956521 
-.1418148 
-.1688806 
-.2057102 
-.2243046 
-.211669 
-.1678755 
-.1300408 
-.1184822 
-.1084312 
-9.916994E-02 
-8.818567E-02 
-.0594686 
-1.660836E-02 
-1.682374E-02 
-7.490402E-02 
-.1479172 
-.2100178 
-.2483551 
-.2656571 
-.2583343 
-.2154022 
-.1437532 
-6.750938E-02 
 8.590847E-03 
 9.495744E-02 
 .1993439 
 .292459 
 .3424985 
 .3479548 
 .3161506 
 .2661111 
 .2237535 
 .1847701 
 .1214489 
 3.694895E-02 
-4.475111E-02 
-.1012519 
-.1225743 
-.1181232 
-8.567291E-02 
-5.114064E-02 
-4.209477E-02 
-2.543887E-02 
 2.445701E-02 
 8.332703E-02 
 .1173567 
 .1340844 
 .1413355 
 .1421252 
 .1391099 
 .1255411 
 9.718302E-02 
 .0678198 
 5.762526E-02 
 4.872295E-02 
 3.343114E-02 
 2.244684E-02 
-3.832281E-04 
-2.299792E-02 
-.0408743 
-.0535816 
-5.753019E-02 
-5.444309E-02 
-3.642315E-02 
-2.859774E-02 
-4.898685E-02 
-.0898369 
-.1245845 
-.1449019 
-.1557426 
-.1457634 
-.1266665 
-.1017545 
-8.531395E-02 
-8.201149E-02 
-7.454506E-02 
-2.766445E-02 
 5.482534E-02 
 .1143415 
 .1145568 
 5.920467E-02 
-1.481354E-02 
-.0680837 
-8.639085E-02 
-7.583731E-02 
-5.645329E-02 
-4.044354E-02 
-1.890573E-02 
 1.325738E-02 
 4.728708E-02 
 6.157383E-02 
 3.350291E-02 
-1.402384E-02 
-2.802339E-02 
-.0026806 
 3.587207E-02 
 5.891749E-02 
 5.554327E-02 
 5.023059E-02 
 6.056872E-02 
 6.817874E-02 
 2.474418E-02 
-7.935515E-02 
-.1945106 
-.2715441 
-.2908564 
-.2710416 
-.2433296 
-.2202842 
-.1764906 
-8.265764E-02 
 3.924629E-02 
 .1462174 
 .2214561 
 .2619472 
 .2867157 
 .3223966 
 .3620261 
 .3800461 
 .3762411 
 .3372577 
 .2551269 
 .1689757 
 .1006291 
 3.221062E-02 
-5.279186E-02 
-.1437532 
-.1991771 
-.1757009 
-.1087184 
-4.597157E-02 
 5.073011E-03 
 4.068217E-02 
 .0541074 
 5.245617E-02 
 3.106198E-02 
-1.560327E-02 
-6.234029E-02 
-.102975 
-.1405225 
-.1642859 
-.1615578 
-.1301844 
-7.045287E-02 
 1.203689E-02 
 8.885506E-02 
 .1396125 
 .1586375 
 .155694 
 .1350895 
 .0990496 
 4.685631E-02 
-7.634282E-03 
-6.657606E-02 
-.1074979 
-.1080004 
-.1007494 
-9.069839E-02 
-6.370437E-02 
-2.996179E-02 
 5.575567E-03 
 3.659001E-02 
 3.967705E-02 
-1.187006E-02 
-8.639085E-02 
-.137579 
-.1506453 
-.1494966 
-.1655064 
-.1823776 
-.1799367 
-.1856801 
-.2197816 
-.2514422 
-.2400989 
-.1755573 
-8.545753E-02 
 1.447785E-02 
 .1098185 
 .1676116 
 .1900827 
 .2111898 
 .2434246 
 .2650342 
 .2674752 
 .2585011 
 .2350967 
 .2064514 
 .1801753 
 .1505968 
 .1180029 
 5.942008E-02 
-1.502892E-02 
-8.287299E-02 
-.1284613 
-.163209 
-.1886236 
-.1688806 
-.1102978 
-3.240275E-02 
 5.468175E-02 
 .1222387 
 .1625143 
 .1815394 
 .1739294 
 .1391817 
 5.877391E-02 
-.0397974 
-.1114465 
-.1578245 
-.1860391 
-.1874749 
-.169096 
-.1385841 
-8.969331E-02 
-3.319249E-02 
 2.158532E-02 
 6.214818E-02 
 9.100881E-02 
 .1244642 
 .1700526 
 .2129846 
 .2424196 
 .2486655 
 .2351685 
 .2188716 
 .1857751 
 .1086698 
 6.936491E-04 
-.1042672 
-.1871877 
-.2607034 
-.3266091 
-.3673873 
-.3750691 
-.3524545 
-.294446 
-.2076486 
-.1037647 
-6.485611E-03 
 6.379941E-02 
 9.919319E-02 
 .1219515 
 .1378894 
 .1611502 
 .191375 
 .2039387 
 .177519 
 .1141979 
 3.055939E-02 
-4.338703E-02 
-.1027596 
-.1381533 
-.1336304 
-8.775491E-02 
-3.024897E-02 
 9.236991E-03 
 3.989246E-02 
 7.227096E-02 
 .1071622 
 .1341562 
 .134228 
 9.086522E-02 
 1.203689E-02 
-6.844267E-02 
-.1440403 
-.2076486 
-.2458423 
-.2605599 
-.2594112 
-.2739133 
-.2963844 
-.2757799 
-.2180586 
-.1471274 
-8.804208E-02 
-3.405398E-02 
 4.786143E-02 
 .1508839 
 .252973 
 .333668 
 .3723643 
 .3755232 
 .3673388 
 .3639645 
 .3545597 
 .3340988 
 .2991358 
 .2401222 
 .1576324 
 4.154369E-02 
-8.373451E-02 
-.2016899 
-.2832463 
-.2893487 
-.2229405 
-.132051 
-7.820648E-02 
-4.697666E-02 
-1.029372E-03 
 4.161546E-02 
 5.453816E-02 
 3.120556E-02 
-1.696733E-02 
-7.820648E-02 
-.1505017 
-.2101614 
-.2423963 
-.2578317 
-.2633598 
-.2441193 
-.1779265 
-6.348899E-02 
 7.356319E-02 
 .2106872 
 .3234017 
 .3848562 
 .4033787 
 .3964866 
 .366549 
 .3183762 
 .2590754 
 .1910878 
 .1208028 
 6.724545E-02 
 3.149274E-02 
-2.465218E-03 
-.0251517 
-3.907949E-02 
-3.986919E-02 
-3.527448E-02 
-2.737728E-02 
-1.876214E-02 
-2.500811E-02 
-5.221754E-02 
-7.540655E-02 
-8.301657E-02 
-9.026766E-02 
-.1044108 
-.1166156 
-.137938 
-.1679473 
-.1798649 
-.1702447 
-.1490658 
-.1324099 
-.1180514 
-.1046262 
-.0799295 
-6.427869E-02 
-6.628889E-02 
-6.449407E-02 
-5.149961E-02 
-2.967465E-02 
 1.289842E-02 
 6.423017E-02 
 9.725478E-02 
 9.632149E-02 
 8.993194E-02 
 .0768657 
 3.795406E-02 
-2.342868E-02 
-9.888276E-02 
-.1760599 
-.2379452 
-.2678109 
-.2616367 
-.2176278 
-.1536606 
-9.816483E-02 
-4.101789E-02 
 2.783129E-02 
 .104434 
 .1762985 
 .2087488 
 .2092514 
 .2182254 
 .2316507 
 .2390453 
 .2272713 
 .1975491 
 .1471507 
 9.316263E-02 
 4.283598E-02 
-3.613889E-03 
-2.974644E-02 
-3.951022E-02 
-7.504761E-02 
-.164932 
-.2723338 
-.3332858 
-.3218708 
-.2530216 
-.1563887 
-6.133521E-02 
 9.59596E-03 
 3.422084E-02 
 2.933893E-02 
 .0296261 
 3.134915E-02 
 2.416983E-02 
 5.790949E-03 
 8.372366E-04 
 1.921615E-02 
 4.534867E-02 
 7.700929E-02 
